id	gene	a	d	mu_r	mu_v
s0	chr1 1211774	259,259,236,236,203,203	518,518,472,472,406,406	0.999	0.499
s1	chr1 1495699	224,224,211,211,195,195	448,448,422,422,390,390	0.999	0.499
s2	chr1 8656223	176,176,196,196,133,133	352,352,392,392,266,266	0.999	0.499
s3	chr1 9730666	254,254,260,260,212,212	508,508,520,520,424,424	0.999	0.499
s4	chr1 13778599	194,194,198,198,168,168	250,250,233,233,224,224	0.999	0.499
s5	chr1 26188285	141,141,140,140,121,121	282,282,280,280,242,242	0.999	0.499
s6	chr1 37537765	252,252,197,197,165,165	504,504,394,394,330,330	0.999	0.499
s7	chr1 39562342	471,471,398,398,428,428	942,942,796,796,856,856	0.999	0.499
s8	chr1 40059381	360,360,349,349,327,327	409,409,398,398,377,377	0.999	0.499
s9	chr1 45719223	306,306,281,281,232,232	612,612,562,562,464,464	0.999	0.499
s10	chr1 46066115	232,232,220,220,191,191	278,278,251,251,217,217	0.999	0.499
s11	chr1 53832515	140,140,124,124,87,87	280,280,248,248,174,174	0.999	0.499
s12	chr1 58782450	390,390,366,366,313,313	780,780,732,732,626,626	0.999	0.499
s13	chr1 67430140	196,196,185,185,147,147	200,200,187,187,171,171	0.999	0.499
s14	chr1 85270826	240,240,255,255,193,193	480,480,510,510,386,386	0.999	0.499
s15	chr1 88983240	357,357,369,369,322,322	381,381,391,391,351,351	0.999	0.499
s16	chr1 93201957	136,136,120,120,99,99	272,272,240,240,198,198	0.999	0.499
s17	chr1 108696298	238,238,218,218,161,161	261,261,239,239,173,173	0.999	0.499
s18	chr1 108779404	142,142,123,123,109,109	144,144,124,124,131,131	0.999	0.499
s19	chr1 110363803	195,195,174,174,167,167	390,390,348,348,334,334	0.999	0.499
s20	chr1 144425520	682,682,699,699,690,690	687,687,707,707,694,694	0.999	0.499
s21	chr1 144427904	823,823,691,691,840,840	835,835,697,697,852,852	0.999	0.499
s22	chr1 145978445	284,284,277,277,243,243	301,301,309,309,273,273	0.999	0.499
s23	chr1 148104628	840,840,774,774,656,656	861,861,781,781,670,670	0.999	0.499
s24	chr1 148123960	1611,1611,1431,1431,1669,1669	1682,1682,1492,1492,1725,1725	0.999	0.499
s25	chr1 151055125	188,188,197,197,195,195	212,212,232,232,237,237	0.999	0.499
s26	chr1 154273396	339,339,341,341,334,334	382,382,383,383,379,379	0.999	0.499
s27	chr1 154945030	355,355,369,369,355,355	710,710,738,738,710,710	0.999	0.499
s28	chr1 155059964	530,530,574,574,556,556	589,589,620,620,622,622	0.999	0.499
s29	chr1 155085402	406,406,429,429,365,365	453,453,476,476,420,420	0.999	0.499
s30	chr1 155208818	293,293,325,325,245,245	586,586,650,650,490,490	0.999	0.499
s31	chr1 155261659	397,397,405,405,429,429	418,418,437,437,445,445	0.999	0.499
s32	chr1 155670392	358,358,336,336,319,319	392,392,383,383,377,377	0.999	0.499
s33	chr1 155916629	176,176,184,184,143,143	352,352,368,368,286,286	0.999	0.499
s34	chr1 156076894	318,318,332,332,307,307	636,636,664,664,614,614	0.999	0.499
s35	chr1 173941266	131,131,110,110,94,94	153,153,124,124,116,116	0.999	0.499
s36	chr1 180096175	101,101,134,134,111,111	117,117,159,159,133,133	0.999	0.499
s37	chr1 186363348	126,126,109,109,97,97	144,144,127,127,115,115	0.999	0.499
s38	chr1 206454955	342,342,300,300,334,334	684,684,600,600,668,668	0.999	0.499
s39	chr1 211946666	137,137,158,158,112,112	152,152,179,179,129,129	0.999	0.499
s40	chr1 212360767	146,146,126,126,87,87	292,292,252,252,174,174	0.999	0.499
s41	chr1 225847137	326,326,362,362,359,359	652,652,724,724,718,718	0.999	0.499
s42	chr1 226548931	239,239,269,269,229,229	478,478,538,538,458,458	0.999	0.499
s43	chr1 235135749	232,232,232,232,171,171	269,269,269,269,202,202	0.999	0.499
s44	chr1 241590254	130,130,131,131,112,112	260,260,262,262,224,224	0.999	0.499
s45	chr1 9037633	125,125,134,134,95,95	250,250,268,268,190,190	0.999	0.499
s46	chr1 20893548	154,154,157,157,127,127	308,308,314,314,254,254	0.999	0.499
s47	chr1 26282327	75,75,102,102,70,70	150,150,204,204,140,140	0.999	0.499
s48	chr1 32226471	157,157,141,141,124,124	314,314,282,282,248,248	0.999	0.499
s49	chr1 111766723	277,277,231,231,234,234	277,277,246,246,234,234	0.999	0.499
s50	chr1 115286269	247,247,219,219,237,237	494,494,438,438,474,474	0.999	0.499
s51	chr1 146991132	1300,1300,1186,1186,1216,1216	1358,1358,1232,1232,1260,1260	0.999	0.499
s52	chr1 150335132	376,376,319,319,295,295	752,752,638,638,590,590	0.999	0.499
s53	chr1 161164868	357,357,418,418,350,350	714,714,836,836,700,700	0.999	0.499
s54	chr1 202941573	145,145,183,183,144,144	145,145,188,188,144,144	0.999	0.499
s55	chr1 1014399	278,278,223,223,201,201	278,278,223,223,203,203	0.999	0.499
s56	chr1 1336216	271,271,278,278,185,185	542,542,556,556,370,370	0.999	0.499
s57	chr1 1472045	114,114,149,149,87,87	228,228,298,298,174,174	0.999	0.499
s58	chr1 10451516	193,193,174,174,174,174	386,386,348,348,348,348	0.999	0.499
s59	chr1 11099829	159,159,157,157,106,106	318,318,314,314,212,212	0.999	0.499
s60	chr1 26282303	90,90,124,124,83,83	180,180,248,248,166,166	0.999	0.499
s61	chr1 36296638	208,208,191,191,128,128	416,416,382,382,256,256	0.999	0.499
s62	chr1 46032708	334,334,264,264,265,265	338,338,264,264,293,293	0.999	0.499
s63	chr1 89010933	285,285,262,262,215,215	570,570,524,524,430,430	0.999	0.499
s64	chr1 97193165	276,276,238,238,206,206	552,552,476,476,412,412	0.999	0.499
s65	chr1 116579723	257,257,303,303,198,198	514,514,606,606,396,396	0.999	0.499
s66	chr1 149842332	741,741,780,780,694,694	746,746,780,780,719,719	0.999	0.499
s67	chr1 149851478	712,712,753,753,677,677	714,714,753,753,699,699	0.999	0.499
s68	chr1 155480734	307,307,275,275,207,207	614,614,550,550,414,414	0.999	0.499
s69	chr1 156137202	183,183,210,210,160,160	183,183,210,210,162,162	0.999	0.499
s70	chr1 156213057	201,201,215,215,150,150	402,402,430,430,300,300	0.999	0.499
s71	chr1 211941847	294,294,303,303,321,321	588,588,606,606,642,642	0.999	0.499
s72	chr1 230995819	254,254,246,246,206,206	508,508,492,492,412,412	0.999	0.499
s73	chr2 27383984	283,283,228,228,224,224	566,566,456,456,448,448	0.999	0.499
s74	chr2 48581284	198,198,195,195,148,148	396,396,390,390,296,296	0.999	0.499
s75	chr2 74460281	254,254,271,271,266,266	508,508,542,542,532,532	0.999	0.499
s76	chr2 74460652	246,246,246,246,253,253	248,248,247,247,253,253	0.999	0.499
s77	chr2 75655232	176,176,183,183,125,125	188,188,188,188,144,144	0.999	0.499
s78	chr2 85861208	135,135,149,149,120,120	270,270,298,298,240,240	0.999	0.499
s79	chr2 86505851	237,237,244,244,221,221	474,474,488,488,442,442	0.999	0.499
s80	chr2 101028365	319,319,323,323,258,258	638,638,646,646,516,516	0.999	0.499
s81	chr2 113443839	416,416,421,421,308,308	427,427,446,446,322,322	0.999	0.499
s82	chr2 113742698	189,189,201,201,154,154	378,378,402,402,308,308	0.999	0.499
s83	chr2 178124191	175,175,199,199,145,145	350,350,398,398,290,290	0.999	0.499
s84	chr2 186505781	226,226,217,217,193,193	452,452,434,434,386,386	0.999	0.499
s85	chr2 196793036	257,257,283,283,240,240	514,514,566,566,480,480	0.999	0.499
s86	chr2 232833052	184,184,192,192,149,149	368,368,384,384,298,298	0.999	0.499
s87	chr2 232844092	258,258,253,253,222,222	516,516,506,506,444,444	0.999	0.499
s88	chr2 236399433	239,239,249,249,201,201	292,292,296,296,247,247	0.999	0.499
s89	chr2 238329071	363,363,332,332,293,293	726,726,664,664,586,586	0.999	0.499
s90	chr2 241441530	225,225,230,230,185,185	450,450,460,460,370,370	0.999	0.499
s91	chr2 241799077	422,422,355,355,380,380	844,844,710,710,760,760	0.999	0.499
s92	chr2 73225879	380,380,343,343,348,348	760,760,686,686,696,696	0.999	0.499
s93	chr2 73244562	206,206,224,224,220,220	412,412,448,448,440,440	0.999	0.499
s94	chr2 135135707	232,232,227,227,186,186	464,464,454,454,372,372	0.999	0.499
s95	chr2 159320291	146,146,140,140,108,108	292,292,280,280,216,216	0.999	0.499
s96	chr2 162359103	144,144,143,143,132,132	144,144,148,148,132,132	0.999	0.499
s97	chr2 173266668	226,226,244,244,216,216	452,452,488,488,432,432	0.999	0.499
s98	chr2 200572279	163,163,158,158,128,128	326,326,316,316,256,256	0.999	0.499
s99	chr2 3580158	192,192,204,204,166,166	192,192,204,204,167,167	0.999	0.499
s100	chr2 37202989	99,99,82,82,62,62	99,99,82,82,69,69	0.999	0.499
s101	chr2 152618935	248,248,205,205,172,172	496,496,410,410,344,344	0.999	0.499
s102	chr2 173964472	237,237,204,204,226,226	474,474,408,408,452,452	0.999	0.499
s103	chr2 201078998	158,158,176,176,138,138	158,158,176,176,140,140	0.999	0.499
s104	chr2 218584639	188,188,159,159,151,151	376,376,318,318,302,302	0.999	0.499
s105	chr2 241350109	216,216,268,268,205,205	432,432,536,536,410,410	0.999	0.499
s106	chr3 23890545	238,238,234,234,166,166	275,275,261,261,205,205	0.999	0.499
s107	chr3 42659185	399,399,372,372,393,393	798,798,744,744,786,786	0.999	0.499
s108	chr3 42659253	471,471,414,414,436,436	942,942,828,828,872,872	0.999	0.499
s109	chr3 49967975	280,280,263,263,212,212	560,560,526,526,424,424	0.999	0.499
s110	chr3 50577103	326,326,320,320,272,272	394,394,373,373,344,344	0.999	0.499
s111	chr3 71198204	317,317,302,302,282,282	634,634,604,604,564,564	0.999	0.499
s112	chr3 98901149	211,211,203,203,202,202	422,422,406,406,404,404	0.999	0.499
s113	chr3 101849800	163,163,203,203,123,123	207,207,252,252,148,148	0.999	0.499
s114	chr3 113344651	271,271,242,242,232,232	310,310,271,271,276,276	0.999	0.499
s115	chr3 120596427	271,271,279,279,275,275	276,276,279,279,275,275	0.999	0.499
s116	chr3 127680288	321,321,328,328,352,352	377,377,375,375,427,427	0.999	0.499
s117	chr3 131014201	193,193,189,189,144,144	386,386,378,378,288,288	0.999	0.499
s118	chr3 154315187	153,153,177,177,134,134	306,306,354,354,268,268	0.999	0.499
s119	chr3 158824233	197,197,176,176,139,139	230,230,206,206,163,163	0.999	0.499
s120	chr3 168029852	290,290,280,280,261,261	580,580,560,560,522,522	0.999	0.499
s121	chr3 183715207	240,240,206,206,202,202	280,280,231,231,235,235	0.999	0.499
s122	chr3 186582021	180,180,203,203,157,157	207,207,232,232,187,187	0.999	0.499
s123	chr3 188874470	350,350,323,323,338,338	413,413,371,371,398,398	0.999	0.499
s124	chr3 10260450	330,330,308,308,277,277	330,330,320,320,277,277	0.999	0.499
s125	chr3 12748697	273,273,250,250,232,232	546,546,500,500,464,464	0.999	0.499
s126	chr3 42637992	272,272,234,234,209,209	544,544,468,468,418,418	0.999	0.499
s127	chr3 44244389	158,158,137,137,93,93	316,316,274,274,186,186	0.999	0.499
s128	chr3 48466791	415,415,365,365,344,344	830,830,730,730,688,688	0.999	0.499
s129	chr3 48927629	240,240,240,240,186,186	480,480,480,480,372,372	0.999	0.499
s130	chr3 50062015	163,163,142,142,104,104	326,326,284,284,208,208	0.999	0.499
s131	chr3 56641611	284,284,254,254,250,250	284,284,264,264,250,250	0.999	0.499
s132	chr3 57242891	176,176,157,157,137,137	352,352,314,314,274,274	0.999	0.499
s133	chr3 113379398	358,358,327,327,293,293	716,716,654,654,586,586	0.999	0.499
s134	chr3 127639443	333,333,338,338,303,303	333,333,357,357,303,303	0.999	0.499
s135	chr3 154324287	264,264,265,265,207,207	528,528,530,530,414,414	0.999	0.499
s136	chr3 25751141	154,154,152,152,148,148	308,308,304,304,296,296	0.999	0.499
s137	chr3 32529556	135,135,129,129,97,97	270,270,258,258,194,194	0.999	0.499
s138	chr3 33825317	155,155,183,183,133,133	310,310,366,366,266,266	0.999	0.499
s139	chr3 56623420	266,266,269,269,209,209	532,532,538,538,418,418	0.999	0.499
s140	chr3 126436368	358,358,324,324,324,324	716,716,648,648,648,648	0.999	0.499
s141	chr4 2042386	179,179,177,177,145,145	358,358,354,354,290,290	0.999	0.499
s142	chr4 2700255	239,239,260,260,179,179	297,297,339,339,243,243	0.999	0.499
s143	chr4 38796586	258,258,250,250,223,223	299,299,285,285,271,271	0.999	0.499
s144	chr4 53453079	340,340,296,296,293,293	680,680,592,592,586,586	0.999	0.499
s145	chr4 70688901	291,291,290,290,271,271	582,582,580,580,542,542	0.999	0.499
s146	chr4 109481755	209,209,163,163,147,147	418,418,326,326,294,294	0.999	0.499
s147	chr4 119269721	141,141,124,124,91,91	176,176,147,147,116,116	0.999	0.499
s148	chr4 151102976	226,226,231,231,220,220	243,243,240,240,258,258	0.999	0.499
s149	chr4 183280841	231,231,231,231,175,175	462,462,462,462,350,350	0.999	0.499
s150	chr4 185418460	122,122,100,100,63,63	134,134,101,101,71,71	0.999	0.499
s151	chr4 673343	183,183,169,169,126,126	183,183,171,171,126,126	0.999	0.499
s152	chr4 1816825	229,229,179,179,165,165	458,458,358,358,330,330	0.999	0.499
s153	chr4 5331257	208,208,206,206,204,204	416,416,412,412,408,408	0.999	0.499
s154	chr4 6078954	214,214,191,191,153,153	428,428,382,382,306,306	0.999	0.499
s155	chr4 10077797	378,378,360,360,294,294	378,378,367,367,294,294	0.999	0.499
s156	chr4 17512036	178,178,168,168,151,151	356,356,336,336,302,302	0.999	0.499
s157	chr4 77158631	357,357,335,335,292,292	357,357,346,346,292,292	0.999	0.499
s158	chr4 104490935	327,327,287,287,294,294	654,654,574,574,588,588	0.999	0.499
s159	chr4 143337230	277,277,219,219,255,255	554,554,438,438,510,510	0.999	0.499
s160	chr4 143530499	125,125,101,101,84,84	250,250,202,202,168,168	0.999	0.499
s161	chr4 150471683	143,143,147,147,126,126	144,144,147,147,128,128	0.999	0.499
s162	chr5 1038330	607,607,482,482,606,606	1214,1214,964,964,1212,1212	0.999	0.499
s163	chr5 10261699	248,248,210,210,203,203	261,261,210,210,203,203	0.999	0.499
s164	chr5 13701315	273,273,247,247,229,229	546,546,494,494,458,458	0.999	0.499
s165	chr5 43547813	279,279,283,283,261,261	329,329,330,330,313,313	0.999	0.499
s166	chr5 62357737	110,110,94,94,52,52	220,220,188,188,104,104	0.999	0.499
s167	chr5 69128118	76,76,63,63,50,50	94,94,64,64,62,62	0.999	0.499
s168	chr5 70942833	306,306,264,264,227,227	612,612,528,528,454,454	0.999	0.499
s169	chr5 96393311	223,223,209,209,183,183	446,446,418,418,366,366	0.999	0.499
s170	chr5 102961202	114,114,145,145,91,91	228,228,290,290,182,182	0.999	0.499
s171	chr5 115902952	162,162,157,157,108,108	193,193,174,174,132,132	0.999	0.499
s172	chr5 132595758	120,120,107,107,84,84	240,240,214,214,168,168	0.999	0.499
s173	chr5 132813629	98,98,107,107,67,67	196,196,214,214,134,134	0.999	0.499
s174	chr5 137753238	199,199,235,235,165,165	398,398,470,470,330,330	0.999	0.499
s175	chr5 140645634	190,190,181,181,143,143	192,192,181,181,143,143	0.999	0.499
s176	chr5 140653006	187,187,191,191,148,148	374,374,382,382,296,296	0.999	0.499
s177	chr5 141945389	132,132,123,123,90,90	264,264,246,246,180,180	0.999	0.499
s178	chr5 146507158	162,162,182,182,122,122	324,324,364,364,244,244	0.999	0.499
s179	chr5 154027251	153,153,160,160,109,109	197,197,196,196,145,145	0.999	0.499
s180	chr5 160093501	165,165,131,131,116,116	204,204,167,167,152,152	0.999	0.499
s181	chr5 16704649	266,266,250,250,237,237	266,266,262,262,237,237	0.999	0.499
s182	chr5 55410563	167,167,141,141,119,119	334,334,282,282,238,238	0.999	0.499
s183	chr5 77063140	181,181,174,174,123,123	362,362,348,348,246,246	0.999	0.499
s184	chr5 132867002	195,195,211,211,151,151	195,195,213,213,151,151	0.999	0.499
s185	chr5 133199253	200,200,219,219,171,171	400,400,438,438,342,342	0.999	0.499
s186	chr5 140303060	185,185,191,191,130,130	370,370,382,382,260,260	0.999	0.499
s187	chr5 140547807	182,182,204,204,180,180	364,364,408,408,360,360	0.999	0.499
s188	chr5 141415640	131,131,91,91,63,63	262,262,182,182,126,126	0.999	0.499
s189	chr5 163490418	113,113,96,96,73,73	226,226,192,192,146,146	0.999	0.499
s190	chr5 36109978	193,193,164,164,135,135	386,386,328,328,270,270	0.999	0.499
s191	chr5 67166642	231,231,270,270,204,204	462,462,540,540,408,408	0.999	0.499
s192	chr5 70944692	201,201,180,180,135,135	402,402,360,360,270,270	0.999	0.499
s193	chr5 83537169	216,216,210,210,175,175	432,432,420,420,350,350	0.999	0.499
s194	chr5 95961705	183,183,230,230,179,179	366,366,460,460,358,358	0.999	0.499
s195	chr5 119509218	161,161,128,128,105,105	322,322,256,256,210,210	0.999	0.499
s196	chr5 140659116	151,151,159,159,115,115	302,302,318,318,230,230	0.999	0.499
s197	chr5 160349508	235,235,214,214,177,177	235,235,215,215,181,181	0.999	0.499
s198	chr5 177524519	247,247,246,246,171,171	494,494,492,492,342,342	0.999	0.499
s199	chr5 181260782	249,249,238,238,167,167	498,498,476,476,334,334	0.999	0.499
s200	chr6 1611905	354,354,340,340,342,342	708,708,680,680,684,684	0.999	0.499
s201	chr6 18263846	237,237,232,232,210,210	474,474,464,464,420,420	0.999	0.499
s202	chr6 26158279	521,521,520,520,424,424	648,648,640,640,534,534	0.999	0.499
s203	chr6 26270996	252,252,267,267,218,218	307,307,319,319,267,267	0.999	0.499
s204	chr6 27831304	583,583,602,602,485,485	591,591,602,602,536,536	0.999	0.499
s205	chr6 29944192	312,312,310,310,269,269	325,325,331,331,279,279	0.999	0.499
s206	chr6 31271152	48,48,54,54,47,47	52,52,61,61,52,52	0.999	0.499
s207	chr6 31355424	472,472,433,433,361,361	492,492,441,441,375,375	0.999	0.499
s208	chr6 31355437	430,430,412,412,328,328	451,451,419,419,340,340	0.999	0.499
s209	chr6 31356398	35,35,50,50,30,30	42,42,63,63,36,36	0.999	0.499
s210	chr6 31356758	286,286,333,333,256,256	298,298,345,345,268,268	0.999	0.499
s211	chr6 32580854	264,264,259,259,220,220	267,267,264,264,224,224	0.999	0.499
s212	chr6 32589726	362,362,300,300,316,316	374,374,303,303,328,328	0.999	0.499
s213	chr6 32637479	128,128,110,110,115,115	135,135,118,118,123,123	0.999	0.499
s214	chr6 32642035	197,197,210,210,162,162	203,203,223,223,168,168	0.999	0.499
s215	chr6 32642709	191,191,180,180,158,158	200,200,191,191,164,164	0.999	0.499
s216	chr6 32662126	232,232,185,185,158,158	247,247,208,208,169,169	0.999	0.499
s217	chr6 32745213	344,344,311,311,319,319	418,418,378,378,403,403	0.999	0.499
s218	chr6 32745221	343,343,311,311,316,316	420,420,381,381,403,403	0.999	0.499
s219	chr6 90586847	279,279,286,286,272,272	558,558,572,572,544,544	0.999	0.499
s220	chr6 111015767	211,211,219,219,152,152	231,231,247,247,178,178	0.999	0.499
s221	chr6 122795750	420,420,342,342,347,347	840,840,684,684,694,694	0.999	0.499
s222	chr6 125855167	263,263,231,231,167,167	297,297,252,252,193,193	0.999	0.499
s223	chr6 137198366	455,455,408,408,376,376	910,910,816,816,752,752	0.999	0.499
s224	chr6 138107271	369,369,357,357,325,325	390,390,365,365,337,337	0.999	0.499
s225	chr6 138776191	449,449,407,407,349,349	898,898,814,814,698,698	0.999	0.499
s226	chr6 143753869	305,305,252,252,249,249	340,340,278,278,279,279	0.999	0.499
s227	chr6 156778030	317,317,301,301,277,277	634,634,602,602,554,554	0.999	0.499
s228	chr6 156778177	523,523,436,436,519,519	1046,1046,872,872,1038,1038	0.999	0.499
s229	chr6 170549041	267,267,272,272,187,187	298,298,315,315,224,224	0.999	0.499
s230	chr6 17114998	265,265,269,269,208,208	530,530,538,538,416,416	0.999	0.499
s231	chr6 27867079	252,252,270,270,184,184	504,504,540,540,368,368	0.999	0.499
s232	chr6 29942794	41,41,39,39,41,41	42,42,42,42,42,42	0.999	0.499
s233	chr6 31270483	13,13,13,13,14,14	14,14,18,18,16,16	0.999	0.499
s234	chr6 31356416	24,24,47,47,25,25	40,40,74,74,42,42	0.999	0.499
s235	chr6 32642095	221,221,234,234,183,183	223,223,240,240,185,185	0.999	0.499
s236	chr6 32756464	351,351,359,359,321,321	352,352,363,363,322,322	0.999	0.499
s237	chr6 47009705	352,352,335,335,284,284	704,704,670,670,568,568	0.999	0.499
s238	chr6 70798665	97,97,76,76,47,47	194,194,152,152,94,94	0.999	0.499
s239	chr6 100800367	213,213,226,226,152,152	426,426,452,452,304,304	0.999	0.499
s240	chr6 109659227	186,186,181,181,143,143	372,372,362,362,286,286	0.999	0.499
s241	chr6 116253456	404,404,368,368,323,323	808,808,736,736,646,646	0.999	0.499
s242	chr6 116253825	503,503,505,505,505,505	1006,1006,1010,1010,1010,1010	0.999	0.499
s243	chr6 18237504	148,148,148,148,100,100	296,296,296,296,200,200	0.999	0.499
s244	chr6 30189475	320,320,323,323,248,248	640,640,646,646,496,496	0.999	0.499
s245	chr6 31889530	354,354,349,349,282,282	708,708,698,698,564,564	0.999	0.499
s246	chr6 36596885	333,333,321,321,267,267	333,333,323,323,270,270	0.999	0.499
s247	chr6 36596890	325,325,314,314,262,262	325,325,316,316,265,265	0.999	0.499
s248	chr6 42236366	245,245,253,253,224,224	490,490,506,506,448,448	0.999	0.499
s249	chr6 56569917	111,111,136,136,80,80	222,222,272,272,160,160	0.999	0.499
s250	chr6 57053109	127,127,118,118,92,92	254,254,236,236,184,184	0.999	0.499
s251	chr6 110958770	170,170,183,183,136,136	340,340,366,366,272,272	0.999	0.499
s252	chr7 4790812	339,339,334,334,256,256	678,678,668,668,512,512	0.999	0.499
s253	chr7 5725379	227,227,209,209,189,189	454,454,418,418,378,378	0.999	0.499
s254	chr7 6642498	295,295,235,235,264,264	590,590,470,470,528,528	0.999	0.499
s255	chr7 19116841	342,342,333,333,360,360	426,426,395,395,448,448	0.999	0.499
s256	chr7 30594965	235,235,246,246,224,224	470,470,492,492,448,448	0.999	0.499
s257	chr7 41690141	282,282,326,326,272,272	564,564,652,652,544,544	0.999	0.499
s258	chr7 42917812	132,132,98,98,75,75	147,147,98,98,87,87	0.999	0.499
s259	chr7 44834531	177,177,159,159,117,117	181,181,170,170,126,126	0.999	0.499
s260	chr7 64691905	135,135,129,129,101,101	270,270,258,258,202,202	0.999	0.499
s261	chr7 92096964	293,293,279,279,255,255	356,356,328,328,320,320	0.999	0.499
s262	chr7 100096111	286,286,322,322,242,242	305,305,322,322,262,262	0.999	0.499
s263	chr7 100124795	385,385,420,420,297,297	770,770,840,840,594,594	0.999	0.499
s264	chr7 100686710	332,332,347,347,283,283	664,664,694,694,566,566	0.999	0.499
s265	chr7 100881709	298,298,288,288,251,251	596,596,576,576,502,502	0.999	0.499
s266	chr7 100884417	348,348,332,332,254,254	696,696,664,664,508,508	0.999	0.499
s267	chr7 100885321	322,322,364,364,262,262	389,389,431,431,335,335	0.999	0.499
s268	chr7 102321594	151,151,180,180,111,111	199,199,212,212,149,149	0.999	0.499
s269	chr7 102568012	1033,1033,981,981,838,838	1066,1066,1015,1015,855,855	0.999	0.499
s270	chr7 123557408	240,240,253,253,194,194	244,244,253,253,222,222	0.999	0.499
s271	chr7 143755390	516,516,454,454,391,391	541,541,480,480,416,416	0.999	0.499
s272	chr7 156950513	358,358,302,302,263,263	716,716,604,604,526,526	0.999	0.499
s273	chr7 158641524	125,125,138,138,95,95	147,147,173,173,118,118	0.999	0.499
s274	chr7 2244714	195,195,189,189,178,178	390,390,378,378,356,356	0.999	0.499
s275	chr7 90354469	82,82,100,100,60,60	82,82,107,107,60,60	0.999	0.499
s276	chr7 100033998	230,230,265,265,211,211	230,230,274,274,211,211	0.999	0.499
s277	chr7 100057168	354,354,415,415,307,307	354,354,422,422,312,312	0.999	0.499
s278	chr7 100097677	252,252,313,313,202,202	253,253,329,329,202,202	0.999	0.499
s279	chr7 102944544	202,202,214,214,195,195	404,404,428,428,390,390	0.999	0.499
s280	chr7 29923995	191,191,199,199,188,188	382,382,398,398,376,376	0.999	0.499
s281	chr7 32495745	161,161,178,178,158,158	322,322,356,356,316,316	0.999	0.499
s282	chr7 36513341	233,233,215,215,166,166	466,466,430,430,332,332	0.999	0.499
s283	chr7 66805318	271,271,286,286,255,255	271,271,288,288,259,259	0.999	0.499
s284	chr7 94430366	216,216,209,209,187,187	216,216,210,210,189,189	0.999	0.499
s285	chr7 100149525	210,210,244,244,205,205	210,210,244,244,207,207	0.999	0.499
s286	chr7 121130131	145,145,145,145,119,119	146,146,146,146,123,123	0.999	0.499
s287	chr7 123748699	288,288,309,309,261,261	576,576,618,618,522,522	0.999	0.499
s288	chr7 152158922	298,298,279,279,243,243	596,596,558,558,486,486	0.999	0.499
s289	chr7 155766621	289,289,234,234,238,238	289,289,236,236,245,245	0.999	0.499
s290	chr8 22618854	205,205,198,198,156,156	410,410,396,396,312,312	0.999	0.499
s291	chr8 26391297	198,198,215,215,183,183	396,396,430,430,366,366	0.999	0.499
s292	chr8 27810958	104,104,104,104,89,89	208,208,208,208,178,178	0.999	0.499
s293	chr8 29148742	132,132,151,151,105,105	154,154,187,187,135,135	0.999	0.499
s294	chr8 30095523	132,132,152,152,137,137	172,172,184,184,186,186	0.999	0.499
s295	chr8 47860919	185,185,155,155,109,109	215,215,181,181,141,141	0.999	0.499
s296	chr8 73009047	264,264,265,265,221,221	528,528,530,530,442,442	0.999	0.499
s297	chr8 76863211	256,256,264,264,205,205	512,512,528,528,410,410	0.999	0.499
s298	chr8 100704991	258,258,261,261,185,185	272,272,272,272,193,193	0.999	0.499
s299	chr8 100705038	233,233,216,216,159,159	244,244,225,225,167,167	0.999	0.499
s300	chr8 100705050	189,189,184,184,128,128	198,198,188,188,130,130	0.999	0.499
s301	chr8 109526875	394,394,330,330,308,308	788,788,660,660,616,616	0.999	0.499
s302	chr8 115414838	567,567,512,512,466,466	638,638,570,570,528,528	0.999	0.499
s303	chr8 135582042	212,212,208,208,192,192	424,424,416,416,384,384	0.999	0.499
s304	chr8 144464274	481,481,447,447,347,347	962,962,894,894,694,694	0.999	0.499
s305	chr8 17276402	139,139,128,128,96,96	278,278,256,256,192,192	0.999	0.499
s306	chr8 18222401	256,256,263,263,204,204	512,512,526,526,408,408	0.999	0.499
s307	chr8 67164394	125,125,139,139,68,68	250,250,278,278,136,136	0.999	0.499
s308	chr8 12425939	204,204,198,198,177,177	408,408,396,396,354,354	0.999	0.499
s309	chr8 48918878	235,235,283,283,221,221	470,470,566,566,442,442	0.999	0.499
s310	chr8 144244509	277,277,230,230,225,225	554,554,460,460,450,450	0.999	0.499
s311	chr8 144511526	392,392,400,400,307,307	392,392,400,400,311,311	0.999	0.499
s312	chr9 16035	873,873,991,991,665,665	895,895,1017,1017,672,672	0.999	0.499
s313	chr9 17828	778,778,951,951,629,629	793,793,969,969,637,637	0.999	0.499
s314	chr9 173309	417,417,392,392,327,327	443,443,405,405,347,347	0.999	0.499
s315	chr9 2807816	169,169,171,171,172,172	215,215,197,197,208,208	0.999	0.499
s316	chr9 20414344	423,423,399,399,419,419	846,846,798,798,838,838	0.999	0.499
s317	chr9 35059175	260,260,265,265,221,221	310,310,315,315,260,260	0.999	0.499
s318	chr9 35380614	305,305,256,256,266,266	356,356,292,292,318,318	0.999	0.499
s319	chr9 40261662	264,264,201,201,215,215	270,270,202,202,222,222	0.999	0.499
s320	chr9 77384630	255,255,216,216,178,178	510,510,432,432,356,356	0.999	0.499
s321	chr9 94603419	252,252,253,253,206,206	271,271,253,253,222,222	0.999	0.499
s322	chr9 99951130	134,134,143,143,108,108	159,159,170,170,130,130	0.999	0.499
s323	chr9 122144342	277,277,228,228,215,215	281,281,228,228,216,216	0.999	0.499
s324	chr9 124869375	278,278,267,267,260,260	556,556,534,534,520,520	0.999	0.499
s325	chr9 127496064	322,322,277,277,272,272	371,371,324,324,324,324	0.999	0.499
s326	chr9 128190828	489,489,443,443,395,395	978,978,886,886,790,790	0.999	0.499
s327	chr9 130470886	348,348,302,302,327,327	357,357,302,302,377,377	0.999	0.499
s328	chr9 133417737	323,323,331,331,255,255	646,646,662,662,510,510	0.999	0.499
s329	chr9 136840179	377,377,330,330,281,281	754,754,660,660,562,562	0.999	0.499
s330	chr9 137113913	434,434,413,413,413,413	868,868,826,826,826,826	0.999	0.499
s331	chr9 137162430	482,482,453,453,389,389	964,964,906,906,778,778	0.999	0.499
s332	chr9 65682819	364,364,313,313,270,270	728,728,626,626,540,540	0.999	0.499
s333	chr9 123136430	257,257,250,250,226,226	257,257,260,260,226,226	0.999	0.499
s334	chr9 127444467	462,462,455,455,384,384	924,924,910,910,768,768	0.999	0.499
s335	chr9 128494651	426,426,376,376,321,321	426,426,390,390,321,321	0.999	0.499
s336	chr9 133057889	340,340,337,337,337,337	680,680,674,674,674,674	0.999	0.499
s337	chr9 69254283	277,277,268,268,285,285	554,554,536,536,570,570	0.999	0.499
s338	chr9 133071665	254,254,241,241,224,224	508,508,482,482,448,448	0.999	0.499
s339	chr10 5739656	147,147,148,148,99,99	167,167,179,179,121,121	0.999	0.499
s340	chr10 23095646	167,167,208,208,146,146	170,170,208,208,177,177	0.999	0.499
s341	chr10 30611971	339,339,294,294,239,239	678,678,588,588,478,478	0.999	0.499
s342	chr10 31526997	282,282,292,292,218,218	335,335,355,355,277,277	0.999	0.499
s343	chr10 32284817	200,200,206,206,138,138	246,246,252,252,173,173	0.999	0.499
s344	chr10 34111228	206,206,241,241,191,191	208,208,241,241,191,191	0.999	0.499
s345	chr10 68906813	147,147,135,135,85,85	184,184,175,175,112,112	0.999	0.499
s346	chr10 73773298	223,223,268,268,174,174	278,278,331,331,241,241	0.999	0.499
s347	chr10 75022146	262,262,279,279,197,197	524,524,558,558,394,394	0.999	0.499
s348	chr10 77637585	222,222,223,223,157,157	444,444,446,446,314,314	0.999	0.499
s349	chr10 97865686	256,256,252,252,234,234	512,512,504,504,468,468	0.999	0.499
s350	chr10 101550814	288,288,246,246,221,221	576,576,492,492,442,442	0.999	0.499
s351	chr10 101585372	229,229,241,241,175,175	458,458,482,482,350,350	0.999	0.499
s352	chr10 102159241	213,213,200,200,159,159	426,426,400,400,318,318	0.999	0.499
s353	chr10 102400948	316,316,282,282,246,246	326,326,282,282,294,294	0.999	0.499
s354	chr10 119500247	104,104,126,126,83,83	133,133,160,160,118,118	0.999	0.499
s355	chr10 124984990	145,145,154,154,109,109	290,290,308,308,218,218	0.999	0.499
s356	chr10 133365990	184,184,151,151,140,140	188,188,151,151,140,140	0.999	0.499
s357	chr10 45755046	305,305,263,263,214,214	610,610,526,526,428,428	0.999	0.499
s358	chr10 60063138	115,115,120,120,91,91	115,115,126,126,91,91	0.999	0.499
s359	chr10 73235286	153,153,160,160,108,108	306,306,320,320,216,216	0.999	0.499
s360	chr10 77637611	205,205,211,211,147,147	410,410,422,422,294,294	0.999	0.499
s361	chr10 98429804	164,164,183,183,176,176	328,328,366,366,352,352	0.999	0.499
s362	chr10 102067536	234,234,232,232,134,134	468,468,464,464,268,268	0.999	0.499
s363	chr10 113158037	171,171,193,193,139,139	342,342,386,386,278,278	0.999	0.499
s364	chr10 123162617	116,116,122,122,81,81	116,116,128,128,81,81	0.999	0.499
s365	chr10 17714615	173,173,165,165,176,176	346,346,330,330,352,352	0.999	0.499
s366	chr10 47503195	394,394,409,409,320,320	394,394,411,411,323,323	0.999	0.499
s367	chr10 62085867	237,237,248,248,162,162	474,474,496,496,324,324	0.999	0.499
s368	chr10 67805601	142,142,145,145,89,89	142,142,145,145,91,91	0.999	0.499
s369	chr10 67805670	169,169,181,181,104,104	338,338,362,362,208,208	0.999	0.499
s370	chr10 75234173	246,246,283,283,212,212	246,246,283,283,216,216	0.999	0.499
s371	chr10 80163534	214,214,201,201,150,150	428,428,402,402,300,300	0.999	0.499
s372	chr10 96576716	128,128,155,155,97,97	256,256,310,310,194,194	0.999	0.499
s373	chr10 116881532	128,128,133,133,104,104	256,256,266,266,208,208	0.999	0.499
s374	chr10 128115708	159,159,172,172,120,120	318,318,344,344,240,240	0.999	0.499
s375	chr10 133373279	238,238,221,221,175,175	476,476,442,442,350,350	0.999	0.499
s376	chr11 6481523	219,219,225,225,185,185	438,438,450,450,370,370	0.999	0.499
s377	chr11 33068823	180,180,178,178,156,156	360,360,356,356,312,312	0.999	0.499
s378	chr11 62671845	230,230,237,237,210,210	282,282,281,281,263,263	0.999	0.499
s379	chr11 62831111	344,344,330,330,309,309	688,688,660,660,618,618	0.999	0.499
s380	chr11 65636830	350,350,331,331,255,255	700,700,662,662,510,510	0.999	0.499
s381	chr11 66643891	240,240,215,215,166,166	480,480,430,430,332,332	0.999	0.499
s382	chr11 70356214	213,213,228,228,180,180	426,426,456,456,360,360	0.999	0.499
s383	chr11 77358943	290,290,234,234,273,273	580,580,468,468,546,546	0.999	0.499
s384	chr11 112082575	176,176,156,156,104,104	352,352,312,312,208,208	0.999	0.499
s385	chr11 115209590	216,216,221,221,224,224	432,432,442,442,448,448	0.999	0.499
s386	chr11 117351930	212,212,204,204,153,153	424,424,408,408,306,306	0.999	0.499
s387	chr11 408858	248,248,252,252,189,189	496,496,504,504,378,378	0.999	0.499
s388	chr11 640551	328,328,304,304,230,230	328,328,326,326,230,230	0.999	0.499
s389	chr11 771395	282,282,257,257,208,208	564,564,514,514,416,416	0.999	0.499
s390	chr11 2403056	211,211,255,255,151,151	211,211,262,262,151,151	0.999	0.499
s391	chr11 5632540	224,224,241,241,195,195	448,448,482,482,390,390	0.999	0.499
s392	chr11 5857588	226,226,225,225,193,193	452,452,450,450,386,386	0.999	0.499
s393	chr11 30331205	148,148,132,132,123,123	296,296,264,264,246,246	0.999	0.499
s394	chr11 59124902	212,212,158,158,110,110	424,424,316,316,220,220	0.999	0.499
s395	chr11 65018470	200,200,159,159,136,136	200,200,177,177,136,136	0.999	0.499
s396	chr11 112082563	166,166,144,144,99,99	332,332,288,288,198,198	0.999	0.499
s397	chr11 117914423	236,236,231,231,216,216	472,472,462,462,432,432	0.999	0.499
s398	chr11 810314	224,224,217,217,181,181	224,224,217,217,182,182	0.999	0.499
s399	chr11 6320422	178,178,207,207,166,166	356,356,414,414,332,332	0.999	0.499
s400	chr12 4541923	167,167,140,140,111,111	196,196,158,158,131,131	0.999	0.499
s401	chr12 6922101	495,495,395,395,404,404	590,590,470,470,483,483	0.999	0.499
s402	chr12 95217865	300,300,255,255,270,270	343,343,307,307,329,329	0.999	0.499
s403	chr12 95483257	233,233,249,249,180,180	466,466,498,498,360,360	0.999	0.499
s404	chr12 118068521	381,381,314,314,291,291	762,762,628,628,582,582	0.999	0.499
s405	chr12 120197394	392,392,343,343,362,362	525,525,436,436,509,509	0.999	0.499
s406	chr12 121915912	326,326,287,287,264,264	384,384,319,319,313,313	0.999	0.499
s407	chr12 122981744	419,419,388,388,320,320	838,838,776,776,640,640	0.999	0.499
s408	chr12 132687308	245,245,233,233,199,199	291,291,274,274,238,238	0.999	0.499
s409	chr12 10882371	556,556,541,541,517,517	556,556,547,547,518,518	0.999	0.499
s410	chr12 29297175	260,260,228,228,213,213	520,520,456,456,426,426	0.999	0.499
s411	chr12 31981782	230,230,296,296,203,203	460,460,592,592,406,406	0.999	0.499
s412	chr12 52952254	215,215,234,234,233,233	215,215,236,236,233,233	0.999	0.499
s413	chr12 64418973	269,269,218,218,206,206	538,538,436,436,412,412	0.999	0.499
s414	chr12 120696361	235,235,215,215,170,170	470,470,430,430,340,340	0.999	0.499
s415	chr13 45975671	241,241,221,221,206,206	482,482,442,442,412,412	0.999	0.499
s416	chr13 72727563	275,275,288,288,234,234	550,550,576,576,468,468	0.999	0.499
s417	chr13 95043701	170,170,134,134,129,129	340,340,268,268,258,258	0.999	0.499
s418	chr13 102872260	553,553,571,571,536,536	1106,1106,1142,1142,1072,1072	0.999	0.499
s419	chr13 108229980	474,474,461,461,484,484	532,532,501,501,522,522	0.999	0.499
s420	chr14 23559828	194,194,208,208,171,171	196,196,208,208,171,171	0.999	0.499
s421	chr14 24163921	284,284,291,291,240,240	568,568,582,582,480,480	0.999	0.499
s422	chr14 49650276	162,162,139,139,106,106	196,196,170,170,131,131	0.999	0.499
s423	chr14 58365276	180,180,193,193,128,128	360,360,386,386,256,256	0.999	0.499
s424	chr14 64522642	123,123,133,133,74,74	246,246,266,266,148,148	0.999	0.499
s425	chr14 77025485	216,216,225,225,182,182	273,273,279,279,244,244	0.999	0.499
s426	chr14 93294845	183,183,164,164,126,126	366,366,328,328,252,252	0.999	0.499
s427	chr14 102084822	193,193,238,238,126,126	386,386,476,476,252,252	0.999	0.499
s428	chr14 102944170	258,258,264,264,200,200	261,261,264,264,200,200	0.999	0.499
s429	chr14 23080686	321,321,315,315,256,256	335,335,321,321,271,271	0.999	0.499
s430	chr14 23321756	259,259,293,293,208,208	518,518,586,586,416,416	0.999	0.499
s431	chr14 24336255	180,180,175,175,137,137	360,360,350,350,274,274	0.999	0.499
s432	chr14 92004866	145,145,153,153,119,119	147,147,161,161,119,119	0.999	0.499
s433	chr14 100262305	94,94,98,98,51,51	188,188,196,196,102,102	0.999	0.499
s434	chr14 102432104	126,126,96,96,82,82	252,252,192,192,164,164	0.999	0.499
s435	chr15 34101788	240,240,241,241,194,194	480,480,482,482,388,388	0.999	0.499
s436	chr15 40844756	245,245,272,272,192,192	395,395,411,411,330,330	0.999	0.499
s437	chr15 43793861	258,258,303,303,213,213	259,259,303,303,213,213	0.999	0.499
s438	chr15 49328611	171,171,157,157,129,129	342,342,314,314,258,258	0.999	0.499
s439	chr15 57452159	147,147,137,137,94,94	294,294,274,274,188,188	0.999	0.499
s440	chr15 65029432	157,157,177,177,118,118	161,161,177,177,118,118	0.999	0.499
s441	chr15 73998356	241,241,290,290,219,219	482,482,580,580,438,438	0.999	0.499
s442	chr15 44667150	252,252,243,243,205,205	252,252,249,249,205,205	0.999	0.499
s443	chr15 56444523	139,139,129,129,109,109	278,278,258,258,218,218	0.999	0.499
s444	chr15 58851931	122,122,128,128,93,93	244,244,256,256,186,186	0.999	0.499
s445	chr16 2769116	656,656,688,688,643,643	1312,1312,1376,1376,1286,1286	0.999	0.499
s446	chr16 14688165	221,221,176,176,158,158	224,224,176,176,159,159	0.999	0.499
s447	chr16 14765283	264,264,224,224,219,219	528,528,448,448,438,438	0.999	0.499
s448	chr16 14765389	115,115,128,128,79,79	121,121,136,136,81,81	0.999	0.499
s449	chr16 16393739	449,449,386,386,312,312	482,482,411,411,326,326	0.999	0.499
s450	chr16 16393745	426,426,360,360,306,306	458,458,382,382,319,319	0.999	0.499
s451	chr16 18318144	410,410,351,351,318,318	437,437,372,372,331,331	0.999	0.499
s452	chr16 23567016	160,160,184,184,133,133	320,320,368,368,266,266	0.999	0.499
s453	chr16 28658376	483,483,461,461,360,360	492,492,474,474,372,372	0.999	0.499
s454	chr16 28951332	181,181,225,225,128,128	362,362,450,450,256,256	0.999	0.499
s455	chr16 28983811	200,200,192,192,168,168	400,400,384,384,336,336	0.999	0.499
s456	chr16 30203567	372,372,360,360,292,292	379,379,368,368,303,303	0.999	0.499
s457	chr16 30524852	332,332,311,311,285,285	401,401,372,372,361,361	0.999	0.499
s458	chr16 30739710	243,243,239,239,168,168	247,247,239,239,168,168	0.999	0.499
s459	chr16 58280550	263,263,278,278,272,272	337,337,335,335,336,336	0.999	0.499
s460	chr16 67879862	385,385,359,359,354,354	770,770,718,718,708,708	0.999	0.499
s461	chr16 69715074	209,209,181,181,155,155	281,281,237,237,205,205	0.999	0.499
s462	chr16 69718234	225,225,224,224,184,184	260,260,265,265,220,220	0.999	0.499
s463	chr16 69749073	465,465,419,419,379,379	930,930,838,838,758,758	0.999	0.499
s464	chr16 70258125	456,456,411,411,399,399	541,541,480,480,488,488	0.999	0.499
s465	chr16 70271948	263,263,216,216,220,220	526,526,432,432,440,440	0.999	0.499
s466	chr16 84462034	313,313,242,242,285,285	368,368,276,276,341,341	0.999	0.499
s467	chr16 85648682	442,442,340,340,410,410	884,884,680,680,820,820	0.999	0.499
s468	chr16 90020010	504,504,496,496,447,447	607,607,580,580,542,542	0.999	0.499
s469	chr16 24791043	215,215,227,227,185,185	430,430,454,454,370,370	0.999	0.499
s470	chr16 28919877	168,168,164,164,141,141	336,336,328,328,282,282	0.999	0.499
s471	chr16 66588029	231,231,236,236,210,210	462,462,472,472,420,420	0.999	0.499
s472	chr16 66818527	166,166,157,157,121,121	332,332,314,314,242,242	0.999	0.499
s473	chr16 67174732	341,341,316,316,288,288	682,682,632,632,576,576	0.999	0.499
s474	chr16 85081341	256,256,248,248,203,203	512,512,496,496,406,406	0.999	0.499
s475	chr17 803719	186,186,189,189,158,158	231,231,228,228,219,219	0.999	0.499
s476	chr17 4087499	103,103,110,110,48,48	138,138,142,142,71,71	0.999	0.499
s477	chr17 4672146	287,287,284,284,223,223	574,574,568,568,446,446	0.999	0.499
s478	chr17 7884826	232,232,245,245,195,195	464,464,490,490,390,390	0.999	0.499
s479	chr17 8512500	160,160,151,151,120,120	320,320,302,302,240,240	0.999	0.499
s480	chr17 28674283	630,630,490,490,472,472	1260,1260,980,980,944,944	0.999	0.499
s481	chr17 29114971	966,966,878,878,901,901	1175,1175,1065,1065,1102,1102	0.999	0.499
s482	chr17 29293912	1081,1081,913,913,967,967	2162,2162,1826,1826,1934,1934	0.999	0.499
s483	chr17 35717243	669,669,588,588,626,626	728,728,629,629,679,679	0.999	0.499
s484	chr17 36953057	2116,2116,1861,1861,2084,2084	2203,2203,1943,1943,2178,2178	0.999	0.499
s485	chr17 39729692	3260,3260,2997,2997,2916,2916	3327,3327,3048,3048,2976,2976	0.999	0.499
s486	chr17 40291263	376,376,346,346,232,232	616,616,547,547,395,395	0.999	0.499
s487	chr17 50199831	2783,2783,2463,2463,2772,2772	2850,2850,2531,2531,2829,2829	0.999	0.499
s488	chr17 50368123	1887,1887,1666,1666,1829,1829	2146,2146,1848,1848,2072,2072	0.999	0.499
s489	chr17 50484516	1495,1495,1360,1360,1501,1501	1551,1551,1402,1402,1548,1548	0.999	0.499
s490	chr17 50699858	1621,1621,1383,1383,1400,1400	3242,3242,2766,2766,2800,2800	0.999	0.499
s491	chr17 50750517	1183,1183,1024,1024,985,985	1263,1263,1092,1092,1060,1060	0.999	0.499
s492	chr17 64152989	758,758,646,646,637,637	857,857,737,737,728,728	0.999	0.499
s493	chr17 64503094	838,838,792,792,689,689	881,881,845,845,731,731	0.999	0.499
s494	chr17 75265799	238,238,216,216,158,158	241,241,217,217,158,158	0.999	0.499
s495	chr17 75899184	231,231,201,201,151,151	234,234,201,201,151,151	0.999	0.499
s496	chr17 76072445	231,231,225,225,176,176	462,462,450,450,352,352	0.999	0.499
s497	chr17 1468487	188,188,231,231,158,158	188,188,247,247,158,158	0.999	0.499
s498	chr17 4181256	172,172,169,169,109,109	172,172,171,171,109,109	0.999	0.499
s499	chr17 5020572	301,301,290,290,288,288	602,602,580,580,576,576	0.999	0.499
s500	chr17 31235970	370,370,322,322,362,362	370,370,329,329,362,362	0.999	0.499
s501	chr17 31236004	337,337,295,295,338,338	337,337,301,301,339,339	0.999	0.499
s502	chr17 43200244	165,165,156,156,97,97	330,330,312,312,194,194	0.999	0.499
s503	chr17 44805753	123,123,112,112,91,91	246,246,224,224,182,182	0.999	0.499
s504	chr17 61590795	177,177,179,179,118,118	177,177,181,181,118,118	0.999	0.499
s505	chr17 73232296	224,224,201,201,162,162	448,448,402,402,324,324	0.999	0.499
s506	chr17 78857530	251,251,224,224,173,173	251,251,226,226,174,174	0.999	0.499
s507	chr17 80111989	144,144,130,130,102,102	288,288,260,260,204,204	0.999	0.499
s508	chr17 80184190	170,170,153,153,144,144	170,170,162,162,144,144	0.999	0.499
s509	chr17 82236119	252,252,251,251,188,188	252,252,252,252,188,188	0.999	0.499
s510	chr18 9119580	144,144,129,129,116,116	179,179,139,139,144,144	0.999	0.499
s511	chr18 9255243	159,159,113,113,92,92	186,186,124,124,110,110	0.999	0.499
s512	chr18 12986926	200,200,214,214,199,199	400,400,428,428,398,398	0.999	0.499
s513	chr18 21573816	137,137,142,142,91,91	274,274,284,284,182,182	0.999	0.499
s514	chr18 48040712	162,162,187,187,145,145	324,324,374,374,290,290	0.999	0.499
s515	chr18 12308295	215,215,203,203,235,235	430,430,406,406,470,470	0.999	0.499
s516	chr18 24165131	136,136,153,153,89,89	272,272,306,306,178,178	0.999	0.499
s517	chr18 35687135	187,187,167,167,186,186	374,374,334,334,372,372	0.999	0.499
s518	chr19 1578371	321,321,309,309,243,243	642,642,618,618,486,486	0.999	0.499
s519	chr19 2248335	341,341,356,356,235,235	345,345,356,356,235,235	0.999	0.499
s520	chr19 4037775	252,252,275,275,176,176	504,504,550,550,352,352	0.999	0.499
s521	chr19 6381397	279,279,292,292,212,212	558,558,584,584,424,424	0.999	0.499
s522	chr19 6381778	228,228,224,224,137,137	456,456,448,448,274,274	0.999	0.499
s523	chr19 6387420	180,180,190,190,134,134	203,203,227,227,168,168	0.999	0.499
s524	chr19 7682469	197,197,234,234,119,119	394,394,468,468,238,238	0.999	0.499
s525	chr19 10830204	231,231,245,245,181,181	462,462,490,490,362,362	0.999	0.499
s526	chr19 15197570	232,232,248,248,187,187	464,464,496,496,374,374	0.999	0.499
s527	chr19 15200806	114,114,137,137,109,109	228,228,274,274,218,218	0.999	0.499
s528	chr19 18280644	283,283,307,307,222,222	360,360,347,347,295,295	0.999	0.499
s529	chr19 19528062	242,242,220,220,195,195	244,244,220,220,196,196	0.999	0.499
s530	chr19 23743778	336,336,267,267,239,239	351,351,275,275,247,247	0.999	0.499
s531	chr19 36141121	204,204,271,271,160,160	408,408,542,542,320,320	0.999	0.499
s532	chr19 38390420	233,233,212,212,166,166	466,466,424,424,332,332	0.999	0.499
s533	chr19 38392222	293,293,271,271,230,230	586,586,542,542,460,460	0.999	0.499
s534	chr19 38408860	176,176,160,160,105,105	352,352,320,320,210,210	0.999	0.499
s535	chr19 38528962	153,153,167,167,114,114	306,306,334,334,228,228	0.999	0.499
s536	chr19 38910610	335,335,319,319,253,253	670,670,638,638,506,506	0.999	0.499
s537	chr19 41443225	190,190,188,188,153,153	380,380,376,376,306,306	0.999	0.499
s538	chr19 43607688	229,229,191,191,161,161	230,230,192,192,162,162	0.999	0.499
s539	chr19 44878490	273,273,255,255,205,205	546,546,510,510,410,410	0.999	0.499
s540	chr19 47271461	418,418,402,402,281,281	527,527,477,477,365,365	0.999	0.499
s541	chr19 48921850	246,246,261,261,210,210	492,492,522,522,420,420	0.999	0.499
s542	chr19 49653450	418,418,379,379,322,322	836,836,758,758,644,644	0.999	0.499
s543	chr19 991346	184,184,178,178,121,121	184,184,197,197,121,121	0.999	0.499
s544	chr19 8257952	175,175,172,172,89,89	175,175,181,181,89,89	0.999	0.499
s545	chr19 12676032	209,209,236,236,146,146	209,209,238,238,146,146	0.999	0.499
s546	chr19 17268838	295,295,302,302,237,237	590,590,604,604,474,474	0.999	0.499
s547	chr19 34452134	109,109,117,117,95,95	109,109,123,123,95,95	0.999	0.499
s548	chr19 35654658	186,186,168,168,163,163	186,186,170,170,163,163	0.999	0.499
s549	chr19 35787785	291,291,251,251,223,223	582,582,502,502,446,446	0.999	0.499
s550	chr19 39298289	209,209,184,184,126,126	418,418,368,368,252,252	0.999	0.499
s551	chr19 42324789	218,218,207,207,168,168	436,436,414,414,336,336	0.999	0.499
s552	chr19 44873935	139,139,143,143,119,119	139,139,145,145,119,119	0.999	0.499
s553	chr19 44916323	195,195,217,217,154,154	195,195,219,219,154,154	0.999	0.499
s554	chr19 44986460	138,138,114,114,128,128	138,138,116,116,128,128	0.999	0.499
s555	chr19 45409474	399,399,348,348,273,273	798,798,696,696,546,546	0.999	0.499
s556	chr19 47112557	134,134,149,149,116,116	268,268,298,298,232,232	0.999	0.499
s557	chr19 48900836	421,421,338,338,338,338	842,842,676,676,676,676	0.999	0.499
s558	chr19 49654783	284,284,262,262,220,220	568,568,524,524,440,440	0.999	0.499
s559	chr19 50250518	197,197,156,156,155,155	394,394,312,312,310,310	0.999	0.499
s560	chr19 54667890	342,342,329,329,300,300	362,362,338,338,319,319	0.999	0.499
s561	chr19 55232153	530,530,444,444,512,512	1060,1060,888,888,1024,1024	0.999	0.499
s562	chr19 55366096	263,263,234,234,204,204	526,526,468,468,408,408	0.999	0.499
s563	chr20 326556	116,116,154,154,102,102	232,232,308,308,204,204	0.999	0.499
s564	chr20 5993633	138,138,94,94,68,68	276,276,188,188,136,136	0.999	0.499
s565	chr20 8708712	167,167,205,205,172,172	334,334,410,410,344,344	0.999	0.499
s566	chr20 23085842	266,266,208,208,264,264	269,269,211,211,265,265	0.999	0.499
s567	chr20 23365282	337,337,339,339,262,262	674,674,678,678,524,524	0.999	0.499
s568	chr20 32310958	379,379,318,318,342,342	758,758,636,636,684,684	0.999	0.499
s569	chr20 47246066	263,263,242,242,206,206	314,314,281,281,255,255	0.999	0.499
s570	chr20 47246326	294,294,287,287,239,239	588,588,574,574,478,478	0.999	0.499
s571	chr20 47651069	392,392,394,394,401,401	784,784,788,788,802,802	0.999	0.499
s572	chr20 49949308	323,323,326,326,313,313	338,338,326,326,331,331	0.999	0.499
s573	chr20 63889214	646,646,534,534,476,476	697,697,588,588,501,501	0.999	0.499
s574	chr20 64207978	827,827,789,789,785,785	1654,1654,1578,1578,1570,1570	0.999	0.499
s575	chr20 64208053	896,896,703,703,755,755	1792,1792,1406,1406,1510,1510	0.999	0.499
s576	chr20 16379444	169,169,156,156,136,136	338,338,312,312,272,272	0.999	0.499
s577	chr21 6484799	211,211,205,205,149,149	215,215,209,209,153,153	0.999	0.499
s578	chr21 28966882	137,137,143,143,111,111	274,274,286,286,222,222	0.999	0.499
s579	chr21 33543161	351,351,380,380,274,274	398,398,425,425,323,323	0.999	0.499
s580	chr21 37151941	156,156,163,163,100,100	312,312,326,326,200,200	0.999	0.499
s581	chr21 37165750	179,179,168,168,109,109	358,358,336,336,218,218	0.999	0.499
s582	chr22 20113492	316,316,304,304,249,249	451,451,442,442,378,378	0.999	0.499
s583	chr22 20127037	123,123,113,113,67,67	145,145,134,134,80,80	0.999	0.499
s584	chr22 22647704	486,486,455,455,456,456	500,500,462,462,469,469	0.999	0.499
s585	chr22 24628802	464,464,420,420,476,476	478,478,426,426,497,497	0.999	0.499
s586	chr22 30928051	178,178,200,200,151,151	221,221,237,237,184,184	0.999	0.499
s587	chr22 36300900	359,359,359,359,301,301	718,718,718,718,602,602	0.999	0.499
s588	chr22 37011065	278,278,274,274,239,239	556,556,548,548,478,478	0.999	0.499
s589	chr22 37815160	300,300,247,247,255,255	600,600,494,494,510,510	0.999	0.499
s590	chr22 38113521	295,295,257,257,301,301	590,590,514,514,602,602	0.999	0.499
s591	chr22 41866943	366,366,369,369,360,360	732,732,738,738,720,720	0.999	0.499
s592	chr22 28773757	271,271,233,233,236,236	542,542,466,466,472,472	0.999	0.499
s593	chr22 37655305	268,268,249,249,232,232	536,536,498,498,464,464	0.999	0.499
s594	chr22 37925858	433,433,384,384,398,398	866,866,768,768,796,796	0.999	0.499
s595	chrX 6533792	648,648,626,626,505,505	671,671,653,653,537,537	0.999	0.499
s596	chrX 16832724	152,152,155,155,105,105	304,304,310,310,210,210	0.999	0.499
s597	chrX 47171185	481,481,433,433,417,417	962,962,866,866,834,834	0.999	0.499
s598	chrX 48902389	503,503,471,471,414,414	1006,1006,942,942,828,828	0.999	0.499
s599	chrX 53984970	365,365,357,357,370,370	730,730,714,714,740,740	0.999	0.499
s600	chrX 71140772	640,640,496,496,564,564	1280,1280,992,992,1128,1128	0.999	0.499
s601	chrX 85271113	357,357,322,322,330,330	419,419,389,389,400,400	0.999	0.499
s602	chrX 112815553	569,569,516,516,548,548	1138,1138,1032,1032,1096,1096	0.999	0.499
s603	chrX 120431339	204,204,200,200,187,187	216,216,205,205,218,218	0.999	0.499
s604	chrX 136502887	228,228,228,228,200,200	456,456,456,456,400,400	0.999	0.499
s605	chrX 150987886	242,242,202,202,215,215	245,245,208,208,221,221	0.999	0.499
s606	chrX 154097617	189,189,164,164,172,172	378,378,328,328,344,344	0.999	0.499
s607	chrX 154776812	156,156,137,137,138,138	312,312,274,274,276,276	0.999	0.499
